0.0 0.0 0.0 0.0 0.0 0.0 0.0 0.0 0.0 1.0 
0.0 0.0 0.0 0.0 0.0 0.0 0.0 0.0 0.3333333333333333 0.6666666666666666 
0.0 0.0 0.0 0.0 0.0 0.0 0.0 0.0 0.6666666666666666 0.3333333333333333 
0.0 0.0 0.0 0.0 0.0 0.0 0.0 0.0 1.0 0.0 
0.0 0.0 0.0 0.0 0.0 0.0 0.0 0.3333333333333333 0.0 0.6666666666666666 
0.0 0.0 0.0 0.0 0.0 0.0 0.0 0.3333333333333333 0.3333333333333333 0.3333333333333333 
0.0 0.0 0.0 0.0 0.0 0.0 0.0 0.3333333333333333 0.6666666666666666 0.0 
0.0 0.0 0.0 0.0 0.0 0.0 0.0 0.6666666666666666 0.0 0.3333333333333333 
0.0 0.0 0.0 0.0 0.0 0.0 0.0 0.6666666666666666 0.3333333333333333 0.0 
0.0 0.0 0.0 0.0 0.0 0.0 0.0 1.0 0.0 0.0 
0.0 0.0 0.0 0.0 0.0 0.0 0.3333333333333333 0.0 0.0 0.6666666666666666 
0.0 0.0 0.0 0.0 0.0 0.0 0.3333333333333333 0.0 0.3333333333333333 0.3333333333333333 
0.0 0.0 0.0 0.0 0.0 0.0 0.3333333333333333 0.0 0.6666666666666666 0.0 
0.0 0.0 0.0 0.0 0.0 0.0 0.3333333333333333 0.3333333333333333 0.0 0.3333333333333333 
0.0 0.0 0.0 0.0 0.0 0.0 0.3333333333333333 0.3333333333333333 0.3333333333333333 0.0 
0.0 0.0 0.0 0.0 0.0 0.0 0.3333333333333333 0.6666666666666666 0.0 0.0 
0.0 0.0 0.0 0.0 0.0 0.0 0.6666666666666666 0.0 0.0 0.3333333333333333 
0.0 0.0 0.0 0.0 0.0 0.0 0.6666666666666666 0.0 0.3333333333333333 0.0 
0.0 0.0 0.0 0.0 0.0 0.0 0.6666666666666666 0.3333333333333333 0.0 0.0 
0.0 0.0 0.0 0.0 0.0 0.0 1.0 0.0 0.0 0.0 
0.0 0.0 0.0 0.0 0.0 0.3333333333333333 0.0 0.0 0.0 0.6666666666666666 
0.0 0.0 0.0 0.0 0.0 0.3333333333333333 0.0 0.0 0.3333333333333333 0.3333333333333333 
0.0 0.0 0.0 0.0 0.0 0.3333333333333333 0.0 0.0 0.6666666666666666 0.0 
0.0 0.0 0.0 0.0 0.0 0.3333333333333333 0.0 0.3333333333333333 0.0 0.3333333333333333 
0.0 0.0 0.0 0.0 0.0 0.3333333333333333 0.0 0.3333333333333333 0.3333333333333333 0.0 
0.0 0.0 0.0 0.0 0.0 0.3333333333333333 0.0 0.6666666666666666 0.0 0.0 
0.0 0.0 0.0 0.0 0.0 0.3333333333333333 0.3333333333333333 0.0 0.0 0.3333333333333333 
0.0 0.0 0.0 0.0 0.0 0.3333333333333333 0.3333333333333333 0.0 0.3333333333333333 0.0 
0.0 0.0 0.0 0.0 0.0 0.3333333333333333 0.3333333333333333 0.3333333333333333 0.0 0.0 
0.0 0.0 0.0 0.0 0.0 0.3333333333333333 0.6666666666666666 0.0 0.0 0.0 
0.0 0.0 0.0 0.0 0.0 0.6666666666666666 0.0 0.0 0.0 0.3333333333333333 
0.0 0.0 0.0 0.0 0.0 0.6666666666666666 0.0 0.0 0.3333333333333333 0.0 
0.0 0.0 0.0 0.0 0.0 0.6666666666666666 0.0 0.3333333333333333 0.0 0.0 
0.0 0.0 0.0 0.0 0.0 0.6666666666666666 0.3333333333333333 0.0 0.0 0.0 
0.0 0.0 0.0 0.0 0.0 1.0 0.0 0.0 0.0 0.0 
0.0 0.0 0.0 0.0 0.3333333333333333 0.0 0.0 0.0 0.0 0.6666666666666666 
0.0 0.0 0.0 0.0 0.3333333333333333 0.0 0.0 0.0 0.3333333333333333 0.3333333333333333 
0.0 0.0 0.0 0.0 0.3333333333333333 0.0 0.0 0.0 0.6666666666666666 0.0 
0.0 0.0 0.0 0.0 0.3333333333333333 0.0 0.0 0.3333333333333333 0.0 0.3333333333333333 
0.0 0.0 0.0 0.0 0.3333333333333333 0.0 0.0 0.3333333333333333 0.3333333333333333 0.0 
0.0 0.0 0.0 0.0 0.3333333333333333 0.0 0.0 0.6666666666666666 0.0 0.0 
0.0 0.0 0.0 0.0 0.3333333333333333 0.0 0.3333333333333333 0.0 0.0 0.3333333333333333 
0.0 0.0 0.0 0.0 0.3333333333333333 0.0 0.3333333333333333 0.0 0.3333333333333333 0.0 
0.0 0.0 0.0 0.0 0.3333333333333333 0.0 0.3333333333333333 0.3333333333333333 0.0 0.0 
0.0 0.0 0.0 0.0 0.3333333333333333 0.0 0.6666666666666666 0.0 0.0 0.0 
0.0 0.0 0.0 0.0 0.3333333333333333 0.3333333333333333 0.0 0.0 0.0 0.3333333333333333 
0.0 0.0 0.0 0.0 0.3333333333333333 0.3333333333333333 0.0 0.0 0.3333333333333333 0.0 
0.0 0.0 0.0 0.0 0.3333333333333333 0.3333333333333333 0.0 0.3333333333333333 0.0 0.0 
0.0 0.0 0.0 0.0 0.3333333333333333 0.3333333333333333 0.3333333333333333 0.0 0.0 0.0 
0.0 0.0 0.0 0.0 0.3333333333333333 0.6666666666666666 0.0 0.0 0.0 0.0 
0.0 0.0 0.0 0.0 0.6666666666666666 0.0 0.0 0.0 0.0 0.3333333333333333 
0.0 0.0 0.0 0.0 0.6666666666666666 0.0 0.0 0.0 0.3333333333333333 0.0 
0.0 0.0 0.0 0.0 0.6666666666666666 0.0 0.0 0.3333333333333333 0.0 0.0 
0.0 0.0 0.0 0.0 0.6666666666666666 0.0 0.3333333333333333 0.0 0.0 0.0 
0.0 0.0 0.0 0.0 0.6666666666666666 0.3333333333333333 0.0 0.0 0.0 0.0 
0.0 0.0 0.0 0.0 1.0 0.0 0.0 0.0 0.0 0.0 
0.0 0.0 0.0 0.3333333333333333 0.0 0.0 0.0 0.0 0.0 0.6666666666666666 
0.0 0.0 0.0 0.3333333333333333 0.0 0.0 0.0 0.0 0.3333333333333333 0.3333333333333333 
0.0 0.0 0.0 0.3333333333333333 0.0 0.0 0.0 0.0 0.6666666666666666 0.0 
0.0 0.0 0.0 0.3333333333333333 0.0 0.0 0.0 0.3333333333333333 0.0 0.3333333333333333 
0.0 0.0 0.0 0.3333333333333333 0.0 0.0 0.0 0.3333333333333333 0.3333333333333333 0.0 
0.0 0.0 0.0 0.3333333333333333 0.0 0.0 0.0 0.6666666666666666 0.0 0.0 
0.0 0.0 0.0 0.3333333333333333 0.0 0.0 0.3333333333333333 0.0 0.0 0.3333333333333333 
0.0 0.0 0.0 0.3333333333333333 0.0 0.0 0.3333333333333333 0.0 0.3333333333333333 0.0 
0.0 0.0 0.0 0.3333333333333333 0.0 0.0 0.3333333333333333 0.3333333333333333 0.0 0.0 
0.0 0.0 0.0 0.3333333333333333 0.0 0.0 0.6666666666666666 0.0 0.0 0.0 
0.0 0.0 0.0 0.3333333333333333 0.0 0.3333333333333333 0.0 0.0 0.0 0.3333333333333333 
0.0 0.0 0.0 0.3333333333333333 0.0 0.3333333333333333 0.0 0.0 0.3333333333333333 0.0 
0.0 0.0 0.0 0.3333333333333333 0.0 0.3333333333333333 0.0 0.3333333333333333 0.0 0.0 
0.0 0.0 0.0 0.3333333333333333 0.0 0.3333333333333333 0.3333333333333333 0.0 0.0 0.0 
0.0 0.0 0.0 0.3333333333333333 0.0 0.6666666666666666 0.0 0.0 0.0 0.0 
0.0 0.0 0.0 0.3333333333333333 0.3333333333333333 0.0 0.0 0.0 0.0 0.3333333333333333 
0.0 0.0 0.0 0.3333333333333333 0.3333333333333333 0.0 0.0 0.0 0.3333333333333333 0.0 
0.0 0.0 0.0 0.3333333333333333 0.3333333333333333 0.0 0.0 0.3333333333333333 0.0 0.0 
0.0 0.0 0.0 0.3333333333333333 0.3333333333333333 0.0 0.3333333333333333 0.0 0.0 0.0 
0.0 0.0 0.0 0.3333333333333333 0.3333333333333333 0.3333333333333333 0.0 0.0 0.0 0.0 
0.0 0.0 0.0 0.3333333333333333 0.6666666666666666 0.0 0.0 0.0 0.0 0.0 
0.0 0.0 0.0 0.6666666666666666 0.0 0.0 0.0 0.0 0.0 0.3333333333333333 
0.0 0.0 0.0 0.6666666666666666 0.0 0.0 0.0 0.0 0.3333333333333333 0.0 
0.0 0.0 0.0 0.6666666666666666 0.0 0.0 0.0 0.3333333333333333 0.0 0.0 
0.0 0.0 0.0 0.6666666666666666 0.0 0.0 0.3333333333333333 0.0 0.0 0.0 
0.0 0.0 0.0 0.6666666666666666 0.0 0.3333333333333333 0.0 0.0 0.0 0.0 
0.0 0.0 0.0 0.6666666666666666 0.3333333333333333 0.0 0.0 0.0 0.0 0.0 
0.0 0.0 0.0 1.0 0.0 0.0 0.0 0.0 0.0 0.0 
0.0 0.0 0.3333333333333333 0.0 0.0 0.0 0.0 0.0 0.0 0.6666666666666666 
0.0 0.0 0.3333333333333333 0.0 0.0 0.0 0.0 0.0 0.3333333333333333 0.3333333333333333 
0.0 0.0 0.3333333333333333 0.0 0.0 0.0 0.0 0.0 0.6666666666666666 0.0 
0.0 0.0 0.3333333333333333 0.0 0.0 0.0 0.0 0.3333333333333333 0.0 0.3333333333333333 
0.0 0.0 0.3333333333333333 0.0 0.0 0.0 0.0 0.3333333333333333 0.3333333333333333 0.0 
0.0 0.0 0.3333333333333333 0.0 0.0 0.0 0.0 0.6666666666666666 0.0 0.0 
0.0 0.0 0.3333333333333333 0.0 0.0 0.0 0.3333333333333333 0.0 0.0 0.3333333333333333 
0.0 0.0 0.3333333333333333 0.0 0.0 0.0 0.3333333333333333 0.0 0.3333333333333333 0.0 
0.0 0.0 0.3333333333333333 0.0 0.0 0.0 0.3333333333333333 0.3333333333333333 0.0 0.0 
0.0 0.0 0.3333333333333333 0.0 0.0 0.0 0.6666666666666666 0.0 0.0 0.0 
0.0 0.0 0.3333333333333333 0.0 0.0 0.3333333333333333 0.0 0.0 0.0 0.3333333333333333 
0.0 0.0 0.3333333333333333 0.0 0.0 0.3333333333333333 0.0 0.0 0.3333333333333333 0.0 
0.0 0.0 0.3333333333333333 0.0 0.0 0.3333333333333333 0.0 0.3333333333333333 0.0 0.0 
0.0 0.0 0.3333333333333333 0.0 0.0 0.3333333333333333 0.3333333333333333 0.0 0.0 0.0 
0.0 0.0 0.3333333333333333 0.0 0.0 0.6666666666666666 0.0 0.0 0.0 0.0 
0.0 0.0 0.3333333333333333 0.0 0.3333333333333333 0.0 0.0 0.0 0.0 0.3333333333333333 
0.0 0.0 0.3333333333333333 0.0 0.3333333333333333 0.0 0.0 0.0 0.3333333333333333 0.0 
0.0 0.0 0.3333333333333333 0.0 0.3333333333333333 0.0 0.0 0.3333333333333333 0.0 0.0 
0.0 0.0 0.3333333333333333 0.0 0.3333333333333333 0.0 0.3333333333333333 0.0 0.0 0.0 
0.0 0.0 0.3333333333333333 0.0 0.3333333333333333 0.3333333333333333 0.0 0.0 0.0 0.0 
0.0 0.0 0.3333333333333333 0.0 0.6666666666666666 0.0 0.0 0.0 0.0 0.0 
0.0 0.0 0.3333333333333333 0.3333333333333333 0.0 0.0 0.0 0.0 0.0 0.3333333333333333 
0.0 0.0 0.3333333333333333 0.3333333333333333 0.0 0.0 0.0 0.0 0.3333333333333333 0.0 
0.0 0.0 0.3333333333333333 0.3333333333333333 0.0 0.0 0.0 0.3333333333333333 0.0 0.0 
0.0 0.0 0.3333333333333333 0.3333333333333333 0.0 0.0 0.3333333333333333 0.0 0.0 0.0 
0.0 0.0 0.3333333333333333 0.3333333333333333 0.0 0.3333333333333333 0.0 0.0 0.0 0.0 
0.0 0.0 0.3333333333333333 0.3333333333333333 0.3333333333333333 0.0 0.0 0.0 0.0 0.0 
0.0 0.0 0.3333333333333333 0.6666666666666666 0.0 0.0 0.0 0.0 0.0 0.0 
0.0 0.0 0.6666666666666666 0.0 0.0 0.0 0.0 0.0 0.0 0.3333333333333333 
0.0 0.0 0.6666666666666666 0.0 0.0 0.0 0.0 0.0 0.3333333333333333 0.0 
0.0 0.0 0.6666666666666666 0.0 0.0 0.0 0.0 0.3333333333333333 0.0 0.0 
0.0 0.0 0.6666666666666666 0.0 0.0 0.0 0.3333333333333333 0.0 0.0 0.0 
0.0 0.0 0.6666666666666666 0.0 0.0 0.3333333333333333 0.0 0.0 0.0 0.0 
0.0 0.0 0.6666666666666666 0.0 0.3333333333333333 0.0 0.0 0.0 0.0 0.0 
0.0 0.0 0.6666666666666666 0.3333333333333333 0.0 0.0 0.0 0.0 0.0 0.0 
0.0 0.0 1.0 0.0 0.0 0.0 0.0 0.0 0.0 0.0 
0.0 0.3333333333333333 0.0 0.0 0.0 0.0 0.0 0.0 0.0 0.6666666666666666 
0.0 0.3333333333333333 0.0 0.0 0.0 0.0 0.0 0.0 0.3333333333333333 0.3333333333333333 
0.0 0.3333333333333333 0.0 0.0 0.0 0.0 0.0 0.0 0.6666666666666666 0.0 
0.0 0.3333333333333333 0.0 0.0 0.0 0.0 0.0 0.3333333333333333 0.0 0.3333333333333333 
0.0 0.3333333333333333 0.0 0.0 0.0 0.0 0.0 0.3333333333333333 0.3333333333333333 0.0 
0.0 0.3333333333333333 0.0 0.0 0.0 0.0 0.0 0.6666666666666666 0.0 0.0 
0.0 0.3333333333333333 0.0 0.0 0.0 0.0 0.3333333333333333 0.0 0.0 0.3333333333333333 
0.0 0.3333333333333333 0.0 0.0 0.0 0.0 0.3333333333333333 0.0 0.3333333333333333 0.0 
0.0 0.3333333333333333 0.0 0.0 0.0 0.0 0.3333333333333333 0.3333333333333333 0.0 0.0 
0.0 0.3333333333333333 0.0 0.0 0.0 0.0 0.6666666666666666 0.0 0.0 0.0 
0.0 0.3333333333333333 0.0 0.0 0.0 0.3333333333333333 0.0 0.0 0.0 0.3333333333333333 
0.0 0.3333333333333333 0.0 0.0 0.0 0.3333333333333333 0.0 0.0 0.3333333333333333 0.0 
0.0 0.3333333333333333 0.0 0.0 0.0 0.3333333333333333 0.0 0.3333333333333333 0.0 0.0 
0.0 0.3333333333333333 0.0 0.0 0.0 0.3333333333333333 0.3333333333333333 0.0 0.0 0.0 
0.0 0.3333333333333333 0.0 0.0 0.0 0.6666666666666666 0.0 0.0 0.0 0.0 
0.0 0.3333333333333333 0.0 0.0 0.3333333333333333 0.0 0.0 0.0 0.0 0.3333333333333333 
0.0 0.3333333333333333 0.0 0.0 0.3333333333333333 0.0 0.0 0.0 0.3333333333333333 0.0 
0.0 0.3333333333333333 0.0 0.0 0.3333333333333333 0.0 0.0 0.3333333333333333 0.0 0.0 
0.0 0.3333333333333333 0.0 0.0 0.3333333333333333 0.0 0.3333333333333333 0.0 0.0 0.0 
0.0 0.3333333333333333 0.0 0.0 0.3333333333333333 0.3333333333333333 0.0 0.0 0.0 0.0 
0.0 0.3333333333333333 0.0 0.0 0.6666666666666666 0.0 0.0 0.0 0.0 0.0 
0.0 0.3333333333333333 0.0 0.3333333333333333 0.0 0.0 0.0 0.0 0.0 0.3333333333333333 
0.0 0.3333333333333333 0.0 0.3333333333333333 0.0 0.0 0.0 0.0 0.3333333333333333 0.0 
0.0 0.3333333333333333 0.0 0.3333333333333333 0.0 0.0 0.0 0.3333333333333333 0.0 0.0 
0.0 0.3333333333333333 0.0 0.3333333333333333 0.0 0.0 0.3333333333333333 0.0 0.0 0.0 
0.0 0.3333333333333333 0.0 0.3333333333333333 0.0 0.3333333333333333 0.0 0.0 0.0 0.0 
0.0 0.3333333333333333 0.0 0.3333333333333333 0.3333333333333333 0.0 0.0 0.0 0.0 0.0 
0.0 0.3333333333333333 0.0 0.6666666666666666 0.0 0.0 0.0 0.0 0.0 0.0 
0.0 0.3333333333333333 0.3333333333333333 0.0 0.0 0.0 0.0 0.0 0.0 0.3333333333333333 
0.0 0.3333333333333333 0.3333333333333333 0.0 0.0 0.0 0.0 0.0 0.3333333333333333 0.0 
0.0 0.3333333333333333 0.3333333333333333 0.0 0.0 0.0 0.0 0.3333333333333333 0.0 0.0 
0.0 0.3333333333333333 0.3333333333333333 0.0 0.0 0.0 0.3333333333333333 0.0 0.0 0.0 
0.0 0.3333333333333333 0.3333333333333333 0.0 0.0 0.3333333333333333 0.0 0.0 0.0 0.0 
0.0 0.3333333333333333 0.3333333333333333 0.0 0.3333333333333333 0.0 0.0 0.0 0.0 0.0 
0.0 0.3333333333333333 0.3333333333333333 0.3333333333333333 0.0 0.0 0.0 0.0 0.0 0.0 
0.0 0.3333333333333333 0.6666666666666666 0.0 0.0 0.0 0.0 0.0 0.0 0.0 
0.0 0.6666666666666666 0.0 0.0 0.0 0.0 0.0 0.0 0.0 0.3333333333333333 
0.0 0.6666666666666666 0.0 0.0 0.0 0.0 0.0 0.0 0.3333333333333333 0.0 
0.0 0.6666666666666666 0.0 0.0 0.0 0.0 0.0 0.3333333333333333 0.0 0.0 
0.0 0.6666666666666666 0.0 0.0 0.0 0.0 0.3333333333333333 0.0 0.0 0.0 
0.0 0.6666666666666666 0.0 0.0 0.0 0.3333333333333333 0.0 0.0 0.0 0.0 
0.0 0.6666666666666666 0.0 0.0 0.3333333333333333 0.0 0.0 0.0 0.0 0.0 
0.0 0.6666666666666666 0.0 0.3333333333333333 0.0 0.0 0.0 0.0 0.0 0.0 
0.0 0.6666666666666666 0.3333333333333333 0.0 0.0 0.0 0.0 0.0 0.0 0.0 
0.0 1.0 0.0 0.0 0.0 0.0 0.0 0.0 0.0 0.0 
0.3333333333333333 0.0 0.0 0.0 0.0 0.0 0.0 0.0 0.0 0.6666666666666666 
0.3333333333333333 0.0 0.0 0.0 0.0 0.0 0.0 0.0 0.3333333333333333 0.3333333333333333 
0.3333333333333333 0.0 0.0 0.0 0.0 0.0 0.0 0.0 0.6666666666666666 0.0 
0.3333333333333333 0.0 0.0 0.0 0.0 0.0 0.0 0.3333333333333333 0.0 0.3333333333333333 
0.3333333333333333 0.0 0.0 0.0 0.0 0.0 0.0 0.3333333333333333 0.3333333333333333 0.0 
0.3333333333333333 0.0 0.0 0.0 0.0 0.0 0.0 0.6666666666666666 0.0 0.0 
0.3333333333333333 0.0 0.0 0.0 0.0 0.0 0.3333333333333333 0.0 0.0 0.3333333333333333 
0.3333333333333333 0.0 0.0 0.0 0.0 0.0 0.3333333333333333 0.0 0.3333333333333333 0.0 
0.3333333333333333 0.0 0.0 0.0 0.0 0.0 0.3333333333333333 0.3333333333333333 0.0 0.0 
0.3333333333333333 0.0 0.0 0.0 0.0 0.0 0.6666666666666666 0.0 0.0 0.0 
0.3333333333333333 0.0 0.0 0.0 0.0 0.3333333333333333 0.0 0.0 0.0 0.3333333333333333 
0.3333333333333333 0.0 0.0 0.0 0.0 0.3333333333333333 0.0 0.0 0.3333333333333333 0.0 
0.3333333333333333 0.0 0.0 0.0 0.0 0.3333333333333333 0.0 0.3333333333333333 0.0 0.0 
0.3333333333333333 0.0 0.0 0.0 0.0 0.3333333333333333 0.3333333333333333 0.0 0.0 0.0 
0.3333333333333333 0.0 0.0 0.0 0.0 0.6666666666666666 0.0 0.0 0.0 0.0 
0.3333333333333333 0.0 0.0 0.0 0.3333333333333333 0.0 0.0 0.0 0.0 0.3333333333333333 
0.3333333333333333 0.0 0.0 0.0 0.3333333333333333 0.0 0.0 0.0 0.3333333333333333 0.0 
0.3333333333333333 0.0 0.0 0.0 0.3333333333333333 0.0 0.0 0.3333333333333333 0.0 0.0 
0.3333333333333333 0.0 0.0 0.0 0.3333333333333333 0.0 0.3333333333333333 0.0 0.0 0.0 
0.3333333333333333 0.0 0.0 0.0 0.3333333333333333 0.3333333333333333 0.0 0.0 0.0 0.0 
0.3333333333333333 0.0 0.0 0.0 0.6666666666666666 0.0 0.0 0.0 0.0 0.0 
0.3333333333333333 0.0 0.0 0.3333333333333333 0.0 0.0 0.0 0.0 0.0 0.3333333333333333 
0.3333333333333333 0.0 0.0 0.3333333333333333 0.0 0.0 0.0 0.0 0.3333333333333333 0.0 
0.3333333333333333 0.0 0.0 0.3333333333333333 0.0 0.0 0.0 0.3333333333333333 0.0 0.0 
0.3333333333333333 0.0 0.0 0.3333333333333333 0.0 0.0 0.3333333333333333 0.0 0.0 0.0 
0.3333333333333333 0.0 0.0 0.3333333333333333 0.0 0.3333333333333333 0.0 0.0 0.0 0.0 
0.3333333333333333 0.0 0.0 0.3333333333333333 0.3333333333333333 0.0 0.0 0.0 0.0 0.0 
0.3333333333333333 0.0 0.0 0.6666666666666666 0.0 0.0 0.0 0.0 0.0 0.0 
0.3333333333333333 0.0 0.3333333333333333 0.0 0.0 0.0 0.0 0.0 0.0 0.3333333333333333 
0.3333333333333333 0.0 0.3333333333333333 0.0 0.0 0.0 0.0 0.0 0.3333333333333333 0.0 
0.3333333333333333 0.0 0.3333333333333333 0.0 0.0 0.0 0.0 0.3333333333333333 0.0 0.0 
0.3333333333333333 0.0 0.3333333333333333 0.0 0.0 0.0 0.3333333333333333 0.0 0.0 0.0 
0.3333333333333333 0.0 0.3333333333333333 0.0 0.0 0.3333333333333333 0.0 0.0 0.0 0.0 
0.3333333333333333 0.0 0.3333333333333333 0.0 0.3333333333333333 0.0 0.0 0.0 0.0 0.0 
0.3333333333333333 0.0 0.3333333333333333 0.3333333333333333 0.0 0.0 0.0 0.0 0.0 0.0 
0.3333333333333333 0.0 0.6666666666666666 0.0 0.0 0.0 0.0 0.0 0.0 0.0 
0.3333333333333333 0.3333333333333333 0.0 0.0 0.0 0.0 0.0 0.0 0.0 0.3333333333333333 
0.3333333333333333 0.3333333333333333 0.0 0.0 0.0 0.0 0.0 0.0 0.3333333333333333 0.0 
0.3333333333333333 0.3333333333333333 0.0 0.0 0.0 0.0 0.0 0.3333333333333333 0.0 0.0 
0.3333333333333333 0.3333333333333333 0.0 0.0 0.0 0.0 0.3333333333333333 0.0 0.0 0.0 
0.3333333333333333 0.3333333333333333 0.0 0.0 0.0 0.3333333333333333 0.0 0.0 0.0 0.0 
0.3333333333333333 0.3333333333333333 0.0 0.0 0.3333333333333333 0.0 0.0 0.0 0.0 0.0 
0.3333333333333333 0.3333333333333333 0.0 0.3333333333333333 0.0 0.0 0.0 0.0 0.0 0.0 
0.3333333333333333 0.3333333333333333 0.3333333333333333 0.0 0.0 0.0 0.0 0.0 0.0 0.0 
0.3333333333333333 0.6666666666666666 0.0 0.0 0.0 0.0 0.0 0.0 0.0 0.0 
0.6666666666666666 0.0 0.0 0.0 0.0 0.0 0.0 0.0 0.0 0.3333333333333333 
0.6666666666666666 0.0 0.0 0.0 0.0 0.0 0.0 0.0 0.3333333333333333 0.0 
0.6666666666666666 0.0 0.0 0.0 0.0 0.0 0.0 0.3333333333333333 0.0 0.0 
0.6666666666666666 0.0 0.0 0.0 0.0 0.0 0.3333333333333333 0.0 0.0 0.0 
0.6666666666666666 0.0 0.0 0.0 0.0 0.3333333333333333 0.0 0.0 0.0 0.0 
0.6666666666666666 0.0 0.0 0.0 0.3333333333333333 0.0 0.0 0.0 0.0 0.0 
0.6666666666666666 0.0 0.0 0.3333333333333333 0.0 0.0 0.0 0.0 0.0 0.0 
0.6666666666666666 0.0 0.3333333333333333 0.0 0.0 0.0 0.0 0.0 0.0 0.0 
0.6666666666666666 0.3333333333333333 0.0 0.0 0.0 0.0 0.0 0.0 0.0 0.0 
1.0 0.0 0.0 0.0 0.0 0.0 0.0 0.0 0.0 0.0 
0.11638530780837421	0.03829841103876656	0.10149014024001958	0.08764104434704023	0.09514166326734727	0.0530553146940797	0.06133014697049134	0.15680730092086195	0.1399841822435932	0.1498664884694259	
0.068709924474891	0.03221089562469825	0.0366351828636147	0.005807116237778677	0.13662813439715427	0.24102150738054268	0.0261118152400363	0.15622163971232855	0.10265636816862887	0.1939974159003265	
0.1583491076840029	0.07787535289793039	0.11927318353175145	0.11718109019598019	0.1306301458253462	0.13408144063107125	0.08418337267490679	0.14374242588446953	0.021407859540618124	0.013276021133923056	
0.21068754581553412	0.15552384974787414	0.15394653559727525	0.030835420725602938	0.09967505030307454	9.657523977934114E-4	0.015393623022769407	0.07501505007396782	0.07293727616998791	0.1850198961461205	
0.1650357959836826	0.14706345869033965	0.10405859045463757	0.030404524780774166	0.036958486386708296	0.1451509514092997	0.0016432281148842857	0.1175991781843224	0.1310222261868821	0.12106355980846914	
0.03500286677478238	0.12976274499832274	0.15664693203995284	0.002359042566698689	0.06532170307454475	0.1414778408756808	0.13025156981550248	0.16462378281616824	0.1463352711687221	0.028218245869624875	
0.13022923346540727	0.09804327448964498	0.09168918310813362	0.10888596087630048	0.05975317285378208	0.0625499521184345	0.11544190353890463	0.06793023517512933	0.13427309783678845	0.1312039865374747	
0.07899101901281304	0.010573534318703757	0.01602244607193313	0.006511448745758506	0.10819865245235012	0.2174285194529813	0.22126884190558596	0.17167938624340304	0.11216427812289358	0.057161873673577605	
0.09218202142792142	0.2529326877900801	0.015530101456323843	0.003034025967245427	0.10550871166105057	0.02586271738318944	0.2535382776635881	0.0010963458375742418	0.09180482920093828	0.15851028161208858	
0.15830117688142292	0.04776011655261365	0.15062537835598092	0.10507560848983907	0.15654814212467993	0.007665224935478726	0.11142313042935287	0.08559360565304344	0.08729888894460536	0.0897087276329829	
0.08033883378985643	0.1047404587968176	0.15437272141599637	0.07077938584871896	0.002555776319292469	0.15373003679629227	0.16344758673647486	0.13317155397892608	0.051550806094926266	0.08531284022269893	
0.2063986820986446	0.03790464784938573	8.862047170938802E-4	0.059984692797311334	0.2021751396173014	0.06738324694867004	0.0971238530988232	0.15569355771051954	0.09250252591741741	0.0799474492448328	
0.11456735839595042	0.1262769759062926	0.15254450912239573	0.09891088022529484	0.08710853713669724	0.05320594390485195	0.09213526817249038	0.16596196673007813	0.10465491998957005	0.004633640416378647	
0.12301804370498283	0.11253263097089244	0.14601772515770853	0.13232019100839618	0.1127363116739094	0.05622127140995202	0.1339687143544716	0.03396206821272245	0.02187153931918479	0.12735150418777977	
0.17953771797715068	0.059864070481561664	0.10189358118196525	0.03443923503781931	0.021913369402229408	0.1316051334141418	0.07297592463002785	0.11399618593838226	0.18099360594828684	0.10278117598843486	
0.06733176525534483	0.10490739902889414	0.0787556529577985	0.23121595664461944	0.028651778357686692	0.08316005415067423	0.05930757003361609	0.09360082196320178	0.23842412795444268	0.01464487365372157	
0.018710957157383905	0.19396580851820416	0.11622829573195305	0.018618292369891123	0.11551388573942886	0.015954809934645122	0.03842887310304978	0.19206448077563384	0.07618267357396338	0.21433192309584678	
0.11515283082092514	0.1208225508181016	0.05460955010706803	0.10261448846346806	0.18890592960040767	0.04354038138477058	0.18192378239180063	0.003871959598095571	0.05482964902927267	0.13372887778608988	
0.08243940985170922	0.018325528873888487	0.06479478253637072	0.0401110489159361	0.17286774725073786	0.2084054709756022	0.0870176791149696	0.17908549850162406	0.010249992254695868	0.13670284172446606	
0.018019690315099084	0.13818103717897146	0.08441872873899711	0.15932180119492984	0.11754849492911675	0.13071775307381558	0.0875155029792766	0.06699970884485813	0.05238370881651097	0.14489357392842445	
0.04136704878198661	0.03000358988460842	0.18467384196392742	0.1379866016400772	0.18393755884697996	0.007104386338984819	0.03915864925258217	0.11557644718470614	0.1936254044620287	0.06656647164411864	
0.02665312675887242	0.01876643175538455	0.15809348157773234	0.12920711453209943	0.08271916380160108	0.09256674364950748	0.16000285798533537	0.10406012079501013	0.11271346198460643	0.11521749715985088	
0.07629260123032615	3.343304495398453E-4	0.14050951188070462	0.14544897665376966	0.01411121010580698	0.10257616184403824	0.14088815617188194	0.16319107728489396	0.14705258927406606	0.06959538510497253	
0.013775782679729353	0.0754701880153836	0.1125503411154798	0.20663009628347243	0.1497409430448623	0.026278354962806123	0.10919260825454162	0.19475085991711225	0.03612347896551195	0.07548734676110065	
0.2012676524116199	0.009390991901416257	0.07528753109577306	0.1346086772678856	0.11766798122502266	0.05369910890945559	0.08497910188802316	0.1666957091455692	0.0487741677593498	0.10762907839588463	
0.04103442675436098	0.09415812149431464	0.062071264017390375	0.05422296372451924	0.14645083241015466	0.11730364882641874	0.019074390148937196	0.16361953021887185	0.15307034585834625	0.14899447654668602	
0.1030365876217646	0.09882888898333882	0.1374861261737348	0.0010485753416030474	0.00904102872713282	0.20556279831261645	0.07088011365132182	0.1885477381628211	0.10959472458248991	0.07597341844317651	
0.056624643647178965	0.028949245610874984	0.03437154684421631	0.078035816049058	0.1936098582162562	0.1952551771224635	0.06034128367191173	0.14337198753734748	0.11343370993139004	0.09600673136930273	
0.1389964215899617	0.13340372831020986	0.008085684293263513	0.04251141830043226	0.13664230385192314	0.0697134304368212	0.12056454495055219	0.1425505444728234	0.047605098887784365	0.15992682490622834	
0.2532842217691147	0.23544996450613426	0.11109054658139592	0.04774588630547797	0.08309951867698485	0.07699431281981067	4.379127302756016E-4	0.08203538143323959	0.07366792122217372	0.03619433395539281	
0.15809445202402236	0.19335445628908512	0.042132038132461545	0.185019791134009	0.009351471120515084	0.19526658589620688	0.08199551449761694	0.10350537496524409	0.0021148270954798594	0.029165488845359095	
0.18677207472776994	0.05544984594210235	0.047912665015811894	0.031110208359224026	0.1777603807667141	0.0693149044942103	0.11790743740224749	0.11339519324394334	0.11965847989286824	0.0807188101551084	
0.027275810233529166	0.04083945458601343	0.07053966344108654	0.17125229463697036	0.10668466722406525	0.1641567714043548	0.12240324211219075	0.09327999289744085	0.07826257988310661	0.1253055235812422	
0.0036692437367471273	0.03857307714207959	0.17386637544239836	0.21718805794391272	0.09114207825217899	0.0875021366118829	0.016936545777725465	0.029204744375161986	0.1240085335485508	0.2179092071693621	
0.004599884359506194	0.08845560556439039	0.15701525117642454	0.09715844948623949	0.011042813764307758	0.20823877211053995	0.008041721530936092	0.1409087749828838	0.10425276538953669	0.18028596163523505	
0.13107677723779615	0.05166177668879842	0.08439921939493375	0.2130281737976748	0.06234716370191655	0.029185359520869317	0.09368032841690814	0.1267785835928218	0.01951299877756249	0.1883296188707186	
0.10079403670891714	0.10771227077855404	0.1423889334016685	0.12020692028356125	0.19002457782894566	0.07566448471118468	0.011787612666858354	0.035890387731087096	0.08364266062173505	0.13188811526748817	
0.1204115155667018	0.15942967885670328	0.16063663753937826	0.10475357533680184	0.1220851943751651	0.004736677378643431	0.025969542118452787	0.015646732249675676	0.15901118337080494	0.1273192632076728	
0.03968252002292845	0.2017600797742908	0.00833844676038055	0.04435016815834079	0.13347196198644024	0.16535671656364725	0.07629050394060594	0.031430048297641046	0.12339149569960016	0.1759280587961247	
0.12977477405710167	0.07767572735893105	0.07787046957756552	0.11141062509130374	0.04281509783149326	0.17804784666169493	0.05663566679082516	0.16060219006111698	0.016385760642792877	0.14878184192717472	
0.10869454473851474	0.10466010126159266	0.11818683294373421	0.05225275252527076	0.12025628393052741	0.016965389812930658	0.1703132034257508	0.1622821429838677	0.05821170828231952	0.08817704009549143	
0.13337394867356886	0.17298497928954926	0.08825058924742066	0.131094259554266	0.07953995968289407	0.07622722042442086	0.04221082552072383	0.13389289461620812	0.12406249174835116	0.01836283124259731	
0.13863652746900823	0.08320052312563626	0.17838142544928337	0.05601306562001295	0.04045620636696336	0.1530781590823546	0.12384574367175001	0.11221190442433235	0.0032088072265437795	0.11096763756411501	
0.2074017264812513	0.06853035345577108	0.07075271693565015	0.1374391822877404	0.09419163453255881	0.04756694101509828	0.24294558673405517	0.09871041137736607	0.01968223653084462	0.012779210649664042	
0.0434918887262339	0.08524462044811212	0.0196813353869995	0.10151919926470206	0.15662780049128724	0.03500329533722086	0.2103868401577394	0.11412149200755443	0.11315312615687229	0.12077040202327825	
0.06190816177393978	0.10903214471818587	0.006913598966361839	0.18736699840328855	0.03993078421885505	0.17458807584580607	0.04727313045345911	0.010909815701545127	0.24194048252144032	0.12013680739711836	
0.19434525838701194	0.10044592283174475	0.07075795549112299	0.15622904649480657	0.014151217623815954	0.07059271306835775	0.11593347640673336	0.13169216693170183	0.13183351511015007	0.014018727654554926	
0.03736143264633703	0.10535031467171088	0.17560349876710082	0.04611314400462324	0.15247540522099537	0.08879115045107046	0.10380168104298097	0.010043016129686791	0.10572119151696513	0.17473916554852928	
0.038688649660209844	0.1101723482329273	0.14946069763194997	0.21130479401352265	0.054099629435080926	0.17603620636866477	0.06838576854868669	0.09185460219025658	0.03791793263763884	0.06207937128106247	
0.1465985991446041	0.07659497130790072	0.1368480079597907	0.10227782581071766	0.12751557375612427	0.07157643624234027	0.10609312855976283	0.08204115203426185	0.13645738995776605	0.013996915226731618	
0.005030366455021597	0.14955386424187686	0.03969571726868976	0.13098635335577338	0.1141888276408607	0.1410616346261276	0.012953771853539013	0.15463826375097545	0.10726470117591032	0.14462649963122537	
0.12906588385751358	0.1287972421258999	0.19496618774183885	0.1716274565262854	0.08371411418011711	0.0555885746710182	0.15829583390428925	0.030180289337094223	0.0061049089922399	0.041659508663703576	
0.07727193174568174	0.16950629278927468	0.022058882310182014	0.1819738090234397	0.17263963469892224	0.05927467214286299	0.06990935741691014	0.09190673290789457	0.015540458577073295	0.13991822838775866	
0.1260450925903601	0.09670051210946949	0.16083189808280357	0.1606619634011992	0.013924827201787929	0.1590546010508255	0.043649709736182	0.10642507454811607	0.051300633011744395	0.08140568826751154	
0.092060712413052	0.023308745117244588	0.1205286730402408	0.12073208209519533	0.10674984408339652	0.04713566116792356	0.22325085094710587	0.04983972632175452	0.06852317650763758	0.14787052830644917	
0.05585111927994097	0.22833278311557062	0.1012128175366531	0.12540729784539925	0.19689563574897695	0.02188505624702003	0.030281858712796293	0.14143988254356812	0.004119743989211507	0.09457380498086326	
0.08621850409345919	0.11030924543964772	0.08406864234885941	0.15497613816020198	0.10781119214366612	0.16194568564115253	0.09348354801740755	0.02200679874963483	0.07702132110082306	0.10215892430514759	
0.12446496864779963	0.08091427553691977	0.1288169199262967	0.08984260774452252	0.08785832637253499	0.10424592104345037	0.04766178006439898	0.09600264236958489	0.12898363412650782	0.11120892416798424	
0.02689324223827673	0.025401247253317216	0.08177857074009054	0.15275924677932629	0.10130229698945285	0.18983951888970815	0.028593987855024768	0.02010389424788995	0.21639658820080274	0.15693140680611076	
0.15007672763157054	0.11362373787209197	0.07436201840937524	0.004380246418725832	0.018129820887850336	0.1339924349012623	0.21281747472023135	0.22976855090422466	0.046188700433455285	0.016660287821212465	
0.04210714777550973	0.027515835825991746	0.20394822766109552	0.10100212478528946	0.20189148154120215	0.1656293617767222	0.019215814991665067	0.06498464991910675	0.008908916163088662	0.16479643956032888	
0.018618453224652033	0.06441043532398573	0.15541084529240332	0.16253912928743994	0.0786596926902134	0.12115761707996447	0.08732202622909714	0.06471842771966335	0.17925993625010417	0.06790343690247651	
0.008631571921847292	0.01853798098325756	0.08871129908933985	0.1421246640527203	0.09408662008444768	0.17103489979071093	0.0679815809632914	0.19697381707866712	0.13881243040949248	0.07310513562622524	
0.1228965596579417	0.03679235482447369	0.11889754939615292	0.18949159904707413	0.045732576539689714	0.11075972759317315	0.17876831654476613	0.020903615456971558	0.15034155013309586	0.0254161508066612	
0.16420741614130901	0.10635555746424852	0.047929430279650194	0.12117523126840467	0.05112350053128068	0.12999950681694694	0.15283951881620478	0.06747870258349004	0.07545973654479816	0.08343139955366705	
0.16108916418348201	0.0659302966971674	0.051577166659323014	0.13364085914462842	0.06990523422380693	0.0033433809229262367	0.2122313944730157	0.21126085061084549	0.05484867555890952	0.0361729775258955	
0.017465696755810157	0.10119350501702445	0.1084847899889017	0.06234383762410914	0.09024829090834668	0.19751943869429484	0.13904416598130315	0.1968967961166175	0.08401715842287746	0.0027863204907149428	
0.05871933222398922	0.027271778935222864	0.14730435326958302	0.1806908884833375	0.021978224879018543	0.028258507813648116	0.13811590578341804	0.11945121021408216	0.1264641765038138	0.15174562189388657	
0.03536530506711439	0.18646886485933753	0.1142707157143571	0.1366391398966912	0.03830302835889005	0.1727913831453454	0.027032524806720516	0.014344397231115205	0.1820535563754094	0.09273108454501915	
0.03787711221169358	0.09725908614733712	0.10497968373203086	0.017209579561331324	0.05763186110570917	0.1672380173465639	0.19124076384813418	0.07127650282553114	0.19015582080104607	0.06513157242062256	
0.05572774953914997	0.16821478671782947	0.16919159466149888	0.03751077302579721	0.0221095832245107	0.0413321693912193	0.08891753270562894	0.12351139062880771	0.11665005083976564	0.1768343692657922	
0.11075353243392953	0.04550026959508464	0.053366872678971375	0.020924336617939927	0.21550720725926495	0.17920518162221952	0.07211724090154126	0.08875300343819399	0.08722912397419372	0.1266432314786612	
0.01921000644083408	0.07227786550420391	0.1613094843890664	0.13585122097276522	0.17123272266547826	0.02016398316416264	0.0697684255178349	0.11844529098335213	0.12507204664569685	0.10666895371660558	
0.06433833468091786	0.1540130238208564	0.1109062287199393	0.08187726201161634	0.020360967755008116	0.10966512092501039	0.12472007096821007	0.10393327214873624	0.10026456501023973	0.12992115395946563	
0.08151747556051991	0.112980128580936	0.003074507641170342	0.0032452180245551602	0.17880849657564304	0.23245035713559106	0.23883277538188433	0.020633447531974505	0.025355155162694237	0.10310243840503137	
0.13841031911184612	4.2973556429010297E-4	0.15142098665593343	0.09679864326895377	0.002439268639274862	0.16669212866884164	0.09406940457046732	0.0659146073440947	0.16068971605738336	0.12313519011891472	
0.11361187231209312	0.03158732332791796	0.11951592598663098	0.19787696453274572	0.1676104454913377	0.008262746292604577	0.14559861387056816	0.08294518914545342	0.05038200410972455	0.08260891493092393	
0.07931768222626646	0.1582144384346845	0.14442008066834505	0.11944339781312988	0.005106262044576452	0.06910603629044265	0.14965765280532922	0.12488599031818766	0.08797283076580528	0.061875628633232864	
0.15425592977718763	0.020556287597116002	0.01767712709999866	0.08741849301308845	0.13731407757010106	0.12667774065768564	0.12587968561856105	0.12188005387505271	0.09318718912743439	0.11515341566377447	
0.1385907877999176	0.055457971871668746	0.06409309560186398	0.020090406007805577	0.021660413850637453	0.2196198739107913	0.04626859598994036	0.16721329085382033	0.17955566702803233	0.08744989708552228	
0.22900964310391572	0.0719923890935137	2.6197125653361956E-5	0.052626254265870955	0.08353422638775805	0.15996226504962605	0.0854294877434487	0.19407157290689617	0.03451918861728931	0.08882877570602782	
0.1050156972438527	0.1065176389472622	0.03141150275711923	0.014957831187500855	0.12228760014396652	0.11735890803444338	0.15924130886241294	0.11840005786223848	0.12756485399146092	0.09724460096974276	
0.0018760740010533962	0.1653655726683321	0.08771771551103162	0.15511931758902012	0.1522761540831959	0.09930235818196673	0.12668401866890755	0.11099917387922191	0.07339879795130753	0.027260817465963164	
0.15631636338665833	0.019539021311330437	0.056063561664461456	0.16990800012022317	0.16900099370101865	0.06951754127614042	0.02917994778946313	0.08620139737334777	0.16098412230433126	0.08328905107302548	
0.0708499489235085	0.11667149700995005	0.005171909277066716	0.1505076444540606	0.042990066005173515	0.1729354309141292	0.016424812337576068	0.13490236087744653	0.14828430030274253	0.14126202989834621	
0.09205151021213617	0.13164524940792713	0.14561124433385125	0.17578079307159572	0.14991440349250296	0.047705368398529326	0.015857841913814456	0.005636464510346691	0.11976819118716645	0.11602893347212997	
0.026677098719354808	0.16958561955928392	0.03697928988004863	0.04754320127205128	0.13694816764095316	0.1692064023451881	0.15339166570810756	0.041807160182388364	0.04635221220463554	0.17150918248798852	
0.016805845688282063	0.09092217568431092	0.025278263687170937	0.11217500344873693	0.1737079801248207	0.14251307165656668	0.01962085277772616	0.15314772075327573	0.15428739032819186	0.11154169585091803	
0.16496810249208943	0.20207428438504818	0.003134857637800569	0.1693930639922816	0.15885025238120473	0.003686525230636472	0.07914680781575169	0.02143425259967144	0.1311501912328876	0.06616166223262823	
0.1297979453208389	0.1783322615835167	0.06904092812193273	0.10704956224649867	0.001048725707264176	0.02926352500247057	0.06493676298736684	0.10444124895219538	0.08902659699559269	0.22706244308232326	
0.17061434855853105	0.04064455036028864	0.07230378267258904	0.15664019303830967	0.1435773314153632	0.05096596142198202	0.08957405729813346	0.06349801814639801	0.0725667197913009	0.13961503729710395	
0.11780244232032656	0.09098903704897657	0.12088002497278476	0.04485214416614561	0.12795767312400866	0.10714794349358703	0.1330717569889906	0.07490446994186235	0.11053581081701543	0.07185869712630244	
0.13823116593155957	0.08299036236687023	0.08519424706239694	0.1938980961866777	0.10019965739295693	0.17053102960056718	0.07992472140647248	0.07483990483503133	0.013236720820848955	0.06095409439661874	
0.024284884934285347	0.1429278416546266	0.16214297528136848	0.06332532051198583	0.03349053233340651	0.15682123766976186	0.02456937589082609	0.18041757531437141	0.14195738441640762	0.07006287199296025	
7.36535158547509E-4	0.12219034102878129	0.09430940388246095	0.06580317692050032	0.06976058045102135	0.07173012984876292	0.14273952450506378	0.15287659982580795	0.1704198103770841	0.10943389800196979	
0.17574850886549434	0.03833879057183384	0.19605709469841134	0.15050157354475935	0.04731747850261436	0.14104790439536974	0.09763599071713576	0.010318105668214634	0.093620303954776	0.0494142490813907	
0.019078212763760462	0.07746775977900225	0.13099501809736855	0.057830714062795774	0.15010186116592525	0.11452850910949251	0.1499217981453044	0.02691305358503628	0.15941192364473195	0.11375114964658271	
0.03502123397303458	0.09824131264871942	0.10144133162457032	0.19015614357094957	0.12500320346911223	0.08442176887194353	0.06110313701303159	0.017963969353654782	0.13097856394530574	0.15566933552967802	
0.08855801592985281	0.04936471073204708	0.16886591548325341	0.09724860108233342	0.06437636996613269	0.162258586291498	0.031222689326679185	0.1890022466705226	0.07696422984980926	0.07213863466787143	
0.08110975713668728	0.1294606281801833	0.039182811935694735	0.03545830957650599	0.13634639031151738	0.09932082092028868	0.1113289471858243	0.12699623447109498	0.09354255319531599	0.14725354708688734	
0.11854192604690206	0.06122280422627543	0.10792681298113602	0.0698429084811526	0.19263741938784348	0.037310784448321914	0.060074586870885315	0.18490598852271725	0.06330258939127203	0.10423417964349373	
0.1009884987698972	0.10073365326141952	0.02951534745348627	0.08928728061585928	0.10262874887392165	0.06116671398094629	0.030217570726636132	0.19443116748375666	0.09426669848590044	0.19676432034817676	
0.07875752096111562	0.10588053354774693	0.11121336871002412	0.10764591876388621	0.026583276897549725	0.1571770336136371	0.12347201825041555	0.16848373399659283	0.07626826956603137	0.04451832569300061	
0.08687015292468972	0.16921823242252684	0.06070308012029994	0.08592934693795001	0.08220156068299371	0.07900689063104535	0.10400108354642423	0.190277348370163	0.09251119004662028	0.04928111431728687	
0.09744200880941435	0.035889054376139304	0.08542448118460044	0.10875896756958779	0.1833472292250716	0.2090708539310955	0.16250180216638135	0.045932997434783344	0.05787901510470192	0.013753590198224292	
0.11337805920373517	0.16584833414618935	0.09143694265172418	0.15959547369339047	0.013563311946610682	0.004903531831626752	0.15099334655066796	0.09974511344769144	0.07163590327692133	0.12889998325144275	
0.16966811469944285	0.1855469742778473	0.09803983223619125	0.1762480404725889	0.004708349725166499	0.01608447151083532	0.027065174415336242	0.0412992060258951	0.09181674907919783	0.18952308755749875	
0.08481992764207405	0.15535442619270665	0.15168649732758493	0.09490415730877032	0.06536146792009849	0.008201445237805981	0.1054792054676968	0.10781942641247591	0.1846738201703366	0.04169962632045017	
0.040701379746469674	0.1266800962336847	0.08271420111337051	0.016263664866040733	0.00546392154031204	0.1341889850380263	0.05569796262301364	0.08134488856331978	0.1528491843659336	0.30409571590982915	
0.10070346114572015	0.012941395743469157	0.20271749583523221	0.004091086248569929	0.18329260465884345	0.17921520261735524	0.16960592512770012	0.06477666303449689	0.07244946926959266	0.010206696319020162	
0.07776538130906792	0.15329498866320074	0.07567004345150367	0.07606675540583115	0.006655356857073977	0.1563632769040013	0.09149100528351388	0.11361322239402812	0.10241690243989635	0.14666306729188286	
0.1861808678829871	0.0640689010250341	0.006021700620046148	0.13102153917687295	0.03273426215985816	0.017618568504928774	0.09067210336942391	0.16374314396469733	0.15134637730014253	0.15659253599600892	
0.1727533049514801	0.12285944382215666	0.1866861089279377	0.011924974084065856	0.11102187322369007	0.07987669288980538	0.11170167239657625	0.039095136294968344	0.016883152456767015	0.14719764095255264	
